orf+1_top_TAA
+3     1..  360   360
-1     1..  360   360
-2     1..  360   360
-3     1..  360   360
+1     7..  357   351
orf+1_top_TGA
+3     1..  360   360
-1     1..  360   360
-2     1..  360   360
-3     1..  360   360
+3     3..  360   358
+1     7..  357   351
orf+1_top_TAG
+3     1..  360   360
-1     1..  360   360
-2     1..  360   360
-3     1..  360   360
+1     7..  357   351
orf+2
+1     1..  360   360
-1     1..  360   360
-2     1..  360   360
-3     1..  360   360
+2     8..  358   351
orf+3
+2     1..  360   360
-1     1..  360   360
-2     1..  360   360
-3     1..  360   360
+3     9..  359   351
orf-1
+1     1..  360   360
+2     1..  360   360
+3     1..  360   360
-3     1..  360   360
-1     4..  354   351
orf-2
+1     1..  360   360
+2     1..  360   360
+3     1..  360   360
-1     1..  360   360
-2     3..  353   351
orf-3
+1     1..  360   360
+2     1..  360   360
+3     1..  360   360
-2     1..  360   360
-3     2..  352   351
hang_stop+1
+2     1..  360   360
+3     1..  360   360
-1     1..  360   360
-2     1..  360   360
-3     1..  360   360
+1     1..  357   357
hang_stop-1
+1     1..  360   360
+2     1..  360   360
+3     1..  360   360
-2     1..  360   360
-3     1..  360   360
-1     4..  360   357
hang_start+1
+1     1..  360   360
+3     1..  360   360
-1     1..  360   360
-2     1..  360   360
-3     1..  360   360
+1     4..  360   357
hang_start-1
+1     1..  360   360
+2     1..  360   360
+3     1..  360   360
-1     1..  360   360
-3     1..  360   360
-1     1..  357   357
hang_stop+2
+1     1..  360   360
+3     1..  360   360
-1     1..  360   360
-2     1..  360   360
-3     1..  360   360
+2     1..  358   358
hang_stop-2
+1     1..  360   360
+2     1..  360   360
+3     1..  360   360
-1     1..  360   360
-3     1..  360   360
-2     3..  360   358
hang_start+2
+1     1..  360   360
+2     1..  360   360
-1     1..  360   360
-2     1..  360   360
-3     1..  360   360
+2     5..  360   356
hang_start-2
+1     1..  360   360
+2     1..  360   360
+3     1..  360   360
-1     1..  360   360
-2     1..  360   360
-2     1..  356   356
hang_stop+3
+1     1..  360   360
+2     1..  360   360
-1     1..  360   360
-2     1..  360   360
-3     1..  360   360
+3     1..  359   359
hang_stop-3
+1     1..  360   360
+2     1..  360   360
+3     1..  360   360
-1     1..  360   360
-2     1..  360   360
-3     2..  360   359
hang_start+3
+2     1..  360   360
+3     1..  360   360
-1     1..  360   360
-2     1..  360   360
-3     1..  360   360
+3     6..  360   355
hang_start-3
+1     1..  360   360
+2     1..  360   360
+3     1..  360   360
-2     1..  360   360
-3     1..  360   360
-3     1..  355   355
